-1 -1 -1 -1 -1 -1 0 0 0 0
72 30 72 37 72 48 1 0 0 0
65 29 64 37 64 48 1 0 0 0
58 29 57 36 57 49 1 0 0 0
56 29 55 37 56 54 1 0 0 0
60 27 59 38 58 56 1 0 0 0
72 27 71 37 67 54 1 0 0 0
79 44 29 38 0 28 1 0 0 0
3 45 4 39 79 39 1 0 0 0
5 45 4 39 3 30 1 0 0 0
5 44 3 39 1 30 1 0 0 0
4 33 4 38 4 48 1 0 0 0
8 40 8 43 7 48 1 0 0 0
10 40 10 43 9 48 0 1 0 0
12 40 12 43 14 49 0 1 0 0
14 40 14 43 12 50 0 1 0 0
16 40 16 43 14 50 0 1 0 0
18 40 18 44 17 49 0 1 0 0
18 41 17 43 19 50 0 1 0 0
17 41 16 43 21 50 0 1 0 0
16 41 17 44 22 48 0 1 0 0
14 43 17 46 25 50 0 1 0 0
14 45 18 46 28 47 0 1 0 0
15 47 21 47 29 45 0 0 1 0
16 47 23 47 35 46 0 0 1 0
18 47 25 47 37 46 0 0 1 0
20 47 27 47 39 46 0 0 1 0
22 47 30 47 41 46 0 0 1 0
24 47 32 47 43 46 0 0 1 0
26 47 34 47 45 46 0 0 1 0
28 47 36 47 47 46 0 0 1 0
30 47 39 47 49 46 0 0 1 0
32 47 40 47 51 46 0 0 1 0
35 47 43 47 54 46 0 0 1 0
38 47 45 46 55 45 0 0 1 0
41 46 44 46 53 47 0 0 1 0
46 43 48 45 53 47 0 0 1 0
54 42 54 45 59 51 0 0 1 0
58 41 57 44 57 49 0 0 1 0
61 40 60 44 58 51 0 1 0 0
62 42 61 45 61 51 0 1 0 0
65 34 65 39 63 51 1 0 0 0
69 32 68 38 69 48 1 0 0 0
72 32 72 38 74 48 1 0 0 0
76 31 73 38 0 39 1 0 0 0
1 32 16 38 79 45 1 0 0 0
76 39 30 43 0 39 1 0 0 0
65 49 66 51 2 56 0 0 0 1
68 56 59 56 0 59 0 0 0 1
71 57 65 56 3 59 0 0 0 1
69 56 56 56 0 57 0 0 0 1
71 56 55 56 0 58 0 0 0 1
73 56 40 57 0 56 0 0 0 1
75 56 29 57 0 56 0 0 0 1
0 50 11 53 79 49 0 0 0 1
4 48 6 49 12 54 0 1 0 0
9 47 13 50 19 52 0 1 0 0
18 40 17 42 18 54 0 1 0 0
19 32 19 41 19 53 1 0 0 0
16 32 16 39 16 54 1 0 0 0
23 31 22 39 21 55 1 0 0 0
-1 -1 -1 -1 -1 -1 0 0 0 0
74 29 73 36 74 46 1 0 0 0
8 31 8 32 9 34 1 0 0 0
78 30 53 30 0 31 1 0 0 0
2 28 19 31 79 48 1 0 0 0
70 46 68 36 68 24 1 0 0 0
69 45 68 36 68 26 1 0 0 0
67 44 67 36 67 28 1 0 0 0
70 43 69 35 70 28 1 0 0 0
67 34 67 36 68 48 0 1 0 0
71 34 72 37 75 45 0 1 0 0
74 40 74 41 73 44 0 1 0 0
77 40 76 42 75 46 0 1 0 0
79 40 57 42 0 41 0 0 1 0
1 41 34 43 79 41 0 0 1 0
2 42 7 42 79 42 0 0 1 0
1 41 8 42 79 41 0 0 1 0
2 41 10 42 79 41 0 0 1 0
4 41 3 43 5 47 0 0 1 0
7 41 7 43 11 47 0 0 1 0
11 41 12 44 15 47 0 0 1 0
13 41 14 44 17 47 0 0 1 0
15 41 15 43 19 47 0 0 1 0
17 41 18 44 21 47 0 0 1 0
19 41 20 43 23 48 0 1 0 0
21 41 21 43 25 48 0 1 0 0
23 41 24 44 27 48 0 1 0 0 
25 41 26 44 30 48 0 1 0 0
27 41 27 43 31 48 0 1 0 0
30 42 30 44 29 48 0 1 0 0
36 43 35 45 37 51 0 1 0 0
37 37 36 41 39 51 1 0 0 0
41 32 40 37 38 47 1 0 0 0
41 32 41 38 44 51 1 0 0 0
46 31 45 37 47 48 1 0 0 0
46 31 46 37 45 52 1 0 0 0
50 30 49 38 51 54 1 0 0 0
51 30 50 37 48 54 1 0 0 0
52 34 51 40 54 56 1 0 0 0
51 42 51 48 49 59 1 0 0 0
71 58 67 57 58 58 0 0 0 1
69 0 68 49 61 59 0 0 0 1
67 54 69 53 76 0 0 0 0 1
76 48 72 50 0 55 0 0 0 1
71 27 69 40 71 58 1 0 0 0
3 32 3 40 5 55 1 0 0 0
15 31 14 39 14 55 1 0 0 0
26 31 25 38 27 49 1 0 0 0
39 31 38 35 39 48 1 0 0 0
-1 -1 -1 -1 -1 -1 0 0 0 0
47 32 46 34 46 41 1 0 0 0
49 32 49 35 48 48 1 0 0 0
54 31 54 38 55 49 1 0 0 0
59 31 59 38 57 49 1 0 0 0
64 30 63 39 66 54 1 0 0 0
71 32 71 39 72 54 1 0 0 0
6 33 6 40 8 56 1 0 0 0
20 32 20 40 17 56 1 0 0 0
30 32 30 40 34 58 1 0 0 0
45 31 45 40 46 59 1 0 0 0
56 30 56 40 53 59 1 0 0 0
65 30 66 39 66 0 1 0 0 0
22 28 21 39 19 59 1 0 0 0
33 28 33 40 30 59 1 0 0 0
42 29 44 38 42 59 1 0 0 0
60 30 59 39 54 0 1 0 0 0
70 31 69 41 65 0 1 0 0 0
7 33 6 42 0 0 1 0 0 0
24 31 22 42 15 0 1 0 0 0
39 33 38 43 34 0 1 0 0 0
58 34 58 43 55 59 1 0 0 0
75 35 74 42 75 58 1 0 0 0
10 35 10 43 8 59 1 0 0 0
53 2 52 2 60 0 0 0 0 1
66 5 65 4 74 4 0 0 0 1
0 5 41 4 79 4 0 0 0 1
12 5 12 4 20 4 0 0 0 1
25 6 24 4 34 6 0 0 0 1
8 56 8 27 3 0 1 0 0 0
22 41 22 34 18 0 1 0 0 0
34 37 34 40 33 0 1 0 0 0
46 37 46 41 45 0 1 0 0 0
74 38 73 44 72 54 1 0 0 0
16 39 15 47 17 59 1 0 0 0
-1 -1 -1 -1 -1 -1 0 0 0 0
47 32 47 33 49 38 1 0 0 0
44 31 44 34 46 40 1 0 0 0
45 31 44 35 46 42 1 0 0 0
46 31 45 37 43 47 1 0 0 0
49 31 49 37 48 48 1 0 0 0
58 30 58 38 55 55 1 0 0 0
61 29 62 38 61 57 1 0 0 0
73 27 72 37 69 59 1 0 0 0
70 27 69 38 0 0 1 0 0 0
4 25 7 38 79 47 1 0 0 0
20 47 19 39 15 0 1 0 0 0
25 47 24 40 24 28 1 0 0 0
32 47 32 41 34 31 0 1 0 0
43 38 37 42 37 55 0 1 0 0
42 42 40 47 44 56 0 1 0 0
46 41 46 47 52 55 0 1 0 0
50 41 51 46 58 55 0 1 0 0
56 41 57 47 64 55 0 1 0 0
63 41 64 47 71 55 0 1 0 0
69 41 70 47 77 55 0 1 0 0
44 4 49 10 56 0 0 1 0
10 52 9 50 7 47 0 0 1 0
15 52 15 50 13 47 0 0 1 0
24 49 23 49 22 49 0 0 1 0
1 49 1 49 2 49 0 0 1 0
11 53 11 53 11 52 0 0 1 0
20 52 19 52 15 49 0 0 1 0
28 52 28 52 31 53 0 0 1 0
50 59 46 55 43 53 0 0 0 1
52 53 53 22 55 0 0 0 0 1
58 53 59 44 62 1 0 0 0 1
67 53 67 53 71 54 0 0 0 1
72 54 72 54 76 54 0 0 0 1
2 55 23 55 79 56 0 0 0 1
21 55 20 44 23 0 0 0 0 1
50 53 50 53 54 56 0 0 0 1
67 52 70 53 75 58 0 0 0 1
3 35 3 40 2 52 1 0 0 0
12 50 12 40 14 34 1 0 0 0
27 39 26 39 25 50 1 0 0 0
-1 -1 -1 -1 -1 -1 0 0 0 0
61 30 60 33 61 39 1 0 0 0
54 30 54 33 54 39 1 0 0 0
47 29 47 33 45 38 1 0 0 0
46 30 46 34 46 45 1 0 0 0
48 30 48 37 49 51 1 0 0 0
48 31 48 36 49 46 1 0 0 0
45 30 46 36 45 52 1 0 0 0
48 29 47 37 44 53 1 0 0 0
43 29 44 37 43 55 1 0 0 0
46 28 46 37 49 56 1 0 0 0
45 30 44 38 43 56 1 0 0 0
46 39 44 44 44 56 1 0 0 0
41 39 42 45 49 54 0 1 0 0
41 40 42 45 49 55 0 1 0 0
43 40 43 45 49 55 0 1 0 0
44 40 44 46 50 55 0 1 0 0
44 50 44 48 43 43 0 0 1 0
44 45 43 47 39 47 0 0 1 0
47 47 44 48 40 46 0 0 1 0
43 50 43 48 44 45 0 0 1 0
46 50 44 48 45 45 0 0 1 0
45 50 45 48 46 45 0 0 1 0
47 50 46 48 47 45 0 0 1 0
48 50 47 48 48 45 0 0 1 0
49 50 48 48 49 45 0 0 1 0
49 50 49 49 50 47 0 0 1 0
55 48 51 48 48 47 0 0 1 0
53 49 53 49 49 46 0 0 1 0
51 46 53 48 57 50 0 0 1 0
55 49 55 49 57 49 0 0 1 0
55 42 55 45 55 50 0 1 0 0
58 41 57 43 58 51 0 1 0 0
62 40 59 44 63 54 0 1 0 0
62 40 60 45 65 54 0 1 0 0
58 40 58 45 66 54 0 1 0 0
60 39 59 45 66 54 0 1 0 0
62 39 62 45 67 54 0 1 0 0
62 39 62 45 68 54 0 1 0 0
69 40 66 44 68 55 0 1 0 0
69 28 68 35 68 55 1 0 0 0
68 28 67 33 68 46 1 0 0 0
70 28 69 33 69 46 1 0 0 0
71 28 70 32 70 45 1 0 0 0
73 30 72 34 72 45 1 0 0 0
76 39 76 44 78 55 1 0 0 0
16 51 12 52 4 56 0 0 0 1
19 55 13 55 5 55 0 0 0 1
20 56 15 55 6 55 0 0 0 1
20 56 14 55 6 55 0 0 0 1
21 56 14 55 7 54 0 0 0 1 
22 56 16 55 8 55 0 0 0 1
22 56 15 55 7 55 0 0 0 1
22 53 15 54 2 55 0 0 0 1
21 49 14 52 2 56 0 0 0 1
21 48 15 50 8 58 0 0 0 1
17 49 13 50 8 57 0 0 0 1
8 48 11 47 9 58 0 1 0 0
13 39 12 42 10 55 1 0 0 0 
12 30 11 35 12 47 1 0 0 0
14 33 13 37 15 46 1 0 0 0
23 33 22 36 23 46 1 0 0 0
34 33 33 33 33 31 1 0 0 0
26 30 24 34 23 48 1 0 0 0
33 27 32 34 31 52 1 0 0 0
-1 -1 -1 -1 -1 -1 0 0 0 0
68 31 68 31 69 35 1 0 0 0
77 34 76 36 76 44 1 0 0 0
4 33 3 36 4 45 1 0 0 0
13 33 13 35 14 41 1 0 0 0
27 32 27 36 26 44 1 0 0 0
36 33 36 36 35 45 1 0 0 0
44 33 44 37 42 46 1 0 0 0
48 33 47 38 47 48 1 0 0 0
51 32 51 38 50 49 1 0 0 0
57 32 57 39 57 55 1 0 0 0
62 32 62 39 60 56 1 0 0 0
71 40 68 44 68 57 0 1 0 0
72 41 72 46 78 55 0 1 0 0
8 42 8 48 14 57 0 1 0 0
18 43 17 48 20 57 0 1 0 0
25 43 25 48 31 56 0 1 0 0
34 43 33 46 35 53 0 1 0 0
39 43 39 46 44 55 0 1 0 0
47 43 47 44 48 51 0 0 1 0
55 43 55 45 56 51 0 0 1 0
63 43 63 45 65 49 0 0 1 0
71 43 71 44 73 49 0 0 1 0
7 44 7 45 5 49 0 0 1 0
22 45 22 45 19 49 0 0 1 0
30 44 30 46 30 53 0 1 0 0
42 45 41 44 37 44 0 0 1 0
50 44 49 46 51 55 0 1 0 0
57 42 56 45 56 53 0 1 0 0
65 43 64 45 64 53 0 1 0 0
75 43 73 45 73 53 0 1 0 0
11 35 10 38 11 44 1 0 0 0
23 35 22 39 22 50 1 0 0 0
34 34 33 39 34 51 1 0 0 0
49 34 48 38 47 50 1 0 0 0
58 33 58 39 57 51 1 0 0 0
72 33 71 38 70 53 1 0 0 0
20 33 20 34 15 2 1 0 0 0
65 3 64 44 61 59 0 0 0 1
75 57 75 57 76 57 0 0 0 1
19 56 19 56 18 56 0 0 0 1
28 58 25 54 24 50 0 0 0 1
36 40 33 44 31 59 0 1 0 0
41 35 40 36 41 58 1 0 0 0
52 39 50 40 49 51 1 0 0 0
