-1 -1 -1 -1 -1 -1 0 0 0 0
72 30 72 37 72 48 1 0 0 0
58 29 57 36 57 49 1 0 0 0
3 45 4 39 79 39 1 0 0 0
8 40 8 43 7 48 1 0 0 0
10 40 10 43 9 48 0 1 0 0
18 41 17 43 19 50 0 1 0 0
14 45 18 46 28 47 0 1 0 0
15 47 21 47 29 45 0 0 1 0
35 47 43 47 54 46 0 0 1 0
46 43 48 45 53 47 0 0 1 0
58 41 57 44 57 49 0 0 1 0
65 34 65 39 63 51 1 0 0 0
72 32 72 38 74 48 1 0 0 0
1 32 16 38 79 45 1 0 0 0
65 49 66 51 2 56 0 0 0 1
71 57 65 56 3 59 0 0 0 1
73 56 40 57 0 56 0 0 0 1
0 50 11 53 79 49 0 0 0 1
4 48 6 49 12 54 0 1 0 0
9 47 13 50 19 52 0 1 0 0
18 40 17 42 18 54 0 1 0 0
19 32 19 41 19 53 1 0 0 0
23 31 22 39 21 55 1 0 0 0
-1 -1 -1 -1 -1 -1 0 0 0 0
74 29 73 36 74 46 1 0 0 0
8 31 8 32 9 34 1 0 0 0
67 34 67 36 68 48 0 1 0 0
71 34 72 37 75 45 0 1 0 0
77 40 76 42 75 46 0 1 0 0
79 40 57 42 0 41 0 0 1 0
1 41 34 43 79 41 0 0 1 0
4 41 3 43 5 47 0 0 1 0
11 41 12 44 15 47 0 0 1 0
17 41 18 44 21 47 0 0 1 0
21 41 21 43 25 48 0 1 0 0
30 42 30 44 29 48 0 1 0 0
36 43 35 45 37 51 0 1 0 0
41 32 40 37 38 47 1 0 0 0
50 30 49 38 51 54 1 0 0 0
71 58 67 57 58 58 0 0 0 1
69 0 68 49 61 59 0 0 0 1
67 54 69 53 76 0 0 0 0 1
71 27 69 40 71 58 1 0 0 0
26 31 25 38 27 49 1 0 0 0
39 31 38 35 39 48 1 0 0 0
-1 -1 -1 -1 -1 -1 0 0 0 0
47 32 46 34 46 41 1 0 0 0
64 30 63 39 66 54 1 0 0 0
30 32 30 40 34 58 1 0 0 0
56 30 56 40 53 59 1 0 0 0
60 30 59 39 54 0 1 0 0 0
70 31 69 41 65 0 1 0 0 0
24 31 22 42 15 0 1 0 0 0
39 33 38 43 34 0 1 0 0 0
58 34 58 43 55 59 1 0 0 0
53 2 52 2 60 0 0 0 0 1
66 5 65 4 74 4 0 0 0 1
25 6 24 4 34 6 0 0 0 1
74 38 73 44 72 54 1 0 0 0
16 39 15 47 17 59 1 0 0 0
-1 -1 -1 -1 -1 -1 0 0 0 0
47 32 47 33 49 38 1 0 0 0
58 30 58 38 55 55 1 0 0 0
70 27 69 38 0 0 1 0 0 0
4 25 7 38 79 47 1 0 0 0
20 47 19 39 15 0 1 0 0 0
25 47 24 40 24 28 1 0 0 0
32 47 32 41 34 31 0 1 0 0
63 41 64 47 71 55 0 1 0 0
69 41 70 47 77 55 0 1 0 0
44 4 49 10 56 0 0 1 0
10 52 9 50 7 47 0 0 1 0
15 52 15 50 13 47 0 0 1 0
24 49 23 49 22 49 0 0 1 0
28 52 28 52 31 53 0 0 1 0
50 59 46 55 43 53 0 0 0 1
67 53 67 53 71 54 0 0 0 1
72 54 72 54 76 54 0 0 0 1
50 53 50 53 54 56 0 0 0 1
67 52 70 53 75 58 0 0 0 1
27 39 26 39 25 50 1 0 0 0
-1 -1 -1 -1 -1 -1 0 0 0 0
61 30 60 33 61 39 1 0 0 0
54 30 54 33 54 39 1 0 0 0
47 29 47 33 45 38 1 0 0 0
41 39 42 45 49 54 0 1 0 0
43 40 43 45 49 55 0 1 0 0
44 40 44 46 50 55 0 1 0 0
44 50 44 48 43 43 0 0 1 0
55 48 51 48 48 47 0 0 1 0
53 49 53 49 49 46 0 0 1 0
51 46 53 48 57 50 0 0 1 0
58 41 57 43 58 51 0 1 0 0
62 40 60 45 65 54 0 1 0 0
60 39 59 45 66 54 0 1 0 0
69 28 68 35 68 55 1 0 0 0
70 28 69 33 69 46 1 0 0 0
73 30 72 34 72 45 1 0 0 0
76 39 76 44 78 55 1 0 0 0
19 55 13 55 5 55 0 0 0 1
22 53 15 54 2 55 0 0 0 1
21 48 15 50 8 58 0 0 0 1
13 39 12 42 10 55 1 0 0 0 
23 33 22 36 23 46 1 0 0 0
34 33 33 33 33 31 1 0 0 0
26 30 24 34 23 48 1 0 0 0
-1 -1 -1 -1 -1 -1 0 0 0 0
68 31 68 31 69 35 1 0 0 0
13 33 13 35 14 41 1 0 0 0
27 32 27 36 26 44 1 0 0 0
44 33 44 37 42 46 1 0 0 0
62 32 62 39 60 56 1 0 0 0
71 40 68 44 68 57 0 1 0 0
72 41 72 46 78 55 0 1 0 0
8 42 8 48 14 57 0 1 0 0
18 43 17 48 20 57 0 1 0 0
25 43 25 48 31 56 0 1 0 0
34 43 33 46 35 53 0 1 0 0
47 43 47 44 48 51 0 0 1 0
55 43 55 45 56 51 0 0 1 0
63 43 63 45 65 49 0 0 1 0
71 43 71 44 73 49 0 0 1 0
7 44 7 45 5 49 0 0 1 0
22 45 22 45 19 49 0 0 1 0
30 44 30 46 30 53 0 1 0 0
42 45 41 44 37 44 0 0 1 0
50 44 49 46 51 55 0 1 0 0
57 42 56 45 56 53 0 1 0 0
65 43 64 45 64 53 0 1 0 0
75 43 73 45 73 53 0 1 0 0
23 35 22 39 22 50 1 0 0 0
49 34 48 38 47 50 1 0 0 0
58 33 58 39 57 51 1 0 0 0
72 33 71 38 70 53 1 0 0 0
65 3 64 44 61 59 0 0 0 1
75 57 75 57 76 57 0 0 0 1
19 56 19 56 18 56 0 0 0 1
28 58 25 54 24 50 0 0 0 1
36 40 33 44 31 59 0 1 0 0
