-1 -1 -1 -1 -1 -1 = 0.14921 0.185208 0
-1 -1 -1 -1 -1 -1 = 0.14921 0.185208 0
-1 -1 -1 -1 -1 -1 = 0.14921 0.185208 0
-1 -1 -1 -1 -1 -1 = 0.14921 0.185208 0
-1 -1 -1 -1 -1 -1 = 0.14921 0.185208 0
62 23 62 26 66 28 = 0.259332 0.253951 0
58 27 58 27 66 28 = 0.265924 0.270834 0
-1 -1 -1 -1 -1 -1 = 0.14921 0.185208 0
-1 -1 -1 -1 -1 -1 = 0.14921 0.185208 0
-1 -1 -1 -1 -1 -1 = 0.14921 0.185208 0
62 30 62 30 63 30 = 0.257204 0.261842 0
-1 -1 -1 -1 -1 -1 = 0.14921 0.185208 0
51 30 51 30 -1 -1 = 0.166624 0.350388 0
-1 -1 -1 -1 -1 -1 = 0.14921 0.185208 0
-1 -1 -1 -1 -1 -1 = 0.14921 0.185208 0
-1 -1 -1 -1 -1 -1 = 0.14921 0.185208 0
-1 -1 -1 -1 -1 -1 = 0.14921 0.185208 0
53 30 53 30 53 31 = 0.295046 0.289118 0
54 31 54 31 55 31 = 0.288988 0.287947 0
51 32 51 32 52 32 = 0.296998 0.288698 0
46 31 46 31 52 32 = 0.30891 0.287551 0
42 31 41 31 41 30 = 0.302362 0.293033 0
37 30 37 30 37 29 = 0.303993 0.289763 0
35 30 34 29 34 27 = 0.29563 0.293011 0
33 30 33 29 33 26 = 0.292113 0.2947 0
34 38 32 38 30 41 = 0.312887 0.249386 0
27 39 26 39 27 47 = 0.32274 0.228594 0
26 39 26 40 27 48 = 0.323257 0.2254 0
27 39 26 40 24 43 = 0.306851 0.239303 0
29 40 27 40 25 43 = 0.303465 0.239663 0
28 40 26 40 24 41 = 0.296803 0.244796 0
29 40 27 39 25 41 = 0.299701 0.245583 0
27 40 27 40 28 48 = 0.319178 0.225508 0
27 40 27 40 27 38 = 0.293421 0.253557 0
27 40 27 40 27 38 = 0.293421 0.253557 0
27 40 27 40 27 38 = 0.293421 0.253557 0
27 40 27 40 28 40 = 0.300157 0.247563 0
27 41 27 40 27 40 = 0.294732 0.247002 0
27 40 27 40 28 40 = 0.300157 0.247563 0
27 41 27 40 27 40 = 0.294732 0.247002 0
27 41 27 40 27 40 = 0.294732 0.247002 0
27 40 27 40 27 39 = 0.29621 0.250575 0
31 41 30 40 30 40 = 0.297297 0.24878 0
31 40 31 39 29 41 = 0.304269 0.246959 0
30 38 29 38 29 38 = 0.305856 0.256334 0
30 39 30 39 28 41 = 0.308194 0.246985 0
32 39 31 39 31 39 = 0.304468 0.253616 0
33 33 33 32 33 32 = 0.308324 0.277598 0
33 30 33 30 33 32 = 0.317922 0.276371 0
37 30 37 29 37 29 = 0.303781 0.288996 0
40 29 40 29 37 29 = 0.302578 0.291826 0
47 29 47 29 49 30 = 0.304843 0.29574 0
48 28 48 28 50 29 = 0.301715 0.298867 0
54 28 54 27 54 26 = 0.276579 0.308261 0
55 27 55 27 55 23 = 0.26446 0.32203 0
58 27 58 26 58 22 = 0.251918 0.312653 0
59 27 58 26 59 23 = 0.253226 0.304033 0
-1 -1 -1 -1 -1 -1 = 0.14921 0.185208 0
-1 -1 -1 -1 -1 -1 = 0.14921 0.185208 0
-1 -1 -1 -1 -1 -1 = 0.14921 0.185208 0
-1 -1 -1 -1 -1 -1 = 0.14921 0.185208 0
-1 -1 -1 -1 -1 -1 = 0.14921 0.185208 0
-1 -1 -1 -1 -1 -1 = 0.14921 0.185208 0
-1 -1 -1 -1 -1 -1 = 0.14921 0.185208 0
-1 -1 -1 -1 -1 -1 = 0.14921 0.185208 0
-1 -1 -1 -1 -1 -1 = 0.14921 0.185208 0
-1 -1 -1 -1 -1 -1 = 0.14921 0.185208 0
60 51 60 51 -1 -1 = 0.145048 0.291716 0
-1 -1 -1 -1 -1 -1 = 0.14921 0.185208 0
57 28 56 27 56 27 = 0.273104 0.29589 0
-1 -1 -1 -1 -1 -1 = 0.14921 0.185208 0
-1 -1 -1 -1 -1 -1 = 0.14921 0.185208 0
-1 -1 -1 -1 -1 -1 = 0.14921 0.185208 0
63 30 63 30 63 31 = 0.256525 0.255002 0
53 28 52 28 52 30 = 0.297226 0.29152 0
64 23 64 22 65 18 = 0.222553 0.273576 0
-1 -1 -1 -1 -1 -1 = 0.14921 0.185208 0
-1 -1 -1 -1 -1 -1 = 0.14921 0.185208 0
-1 -1 -1 -1 -1 -1 = 0.14921 0.185208 0
-1 -1 -1 -1 -1 -1 = 0.14921 0.185208 0
